{
 "cells": [
  {
   "attachments": {},
   "cell_type": "markdown",
   "metadata": {},
   "source": [
    "### Definição algoritmo UPMGA"
   ]
  },
  {
   "cell_type": "code",
   "execution_count": 30,
   "metadata": {},
   "outputs": [],
   "source": [
    "import pandas as pd\n",
    "matrix = pd.read_csv('matriz_distancias.csv', sep = '\\t', index_col= 'index')\n",
    "\n",
    "def encontraMenorDistancia(matrix):\n",
    "  min = matrix.iloc[0,-1]\n",
    "  for i in matrix.iterrows():\n",
    "    for j in matrix:\n",
    "      if (i[1][j] >= min and i[1][j] < 0): #Essa parte é diferente da questão 1\n",
    "        min = i[1][j]\n",
    "        gen1 = i[0]\n",
    "        gen2 = j\n",
    "  return min, (gen1, gen2)\n",
    "\n",
    "def substituiPar(matrix, par):\n",
    "    print(matrix)\n",
    "    matrix[str(par).replace(\"'\",'')] = matrix.apply(lambda x: (x[par[0]] + x[par[1]])/2)\n",
    "    matrix.drop(list(par), axis =1, inplace=True)\n",
    "    matrix.drop(list(par), inplace = True)\n",
    "    vec = list(matrix[str(par).replace(\"'\",'')])\n",
    "    vec.append(0)\n",
    "    matrix.loc[str(par).replace(\"'\",'')] = vec\n",
    "    print(min)\n",
    "    \n",
    "\n",
    "def upmga(matrix):\n",
    "  while len(matrix.columns) > 1:\n",
    "    min, par = encontraMenorDistancia(matrix)\n",
    "    substituiPar(matrix, par)\n",
    "  return (matrix.columns[0])\n",
    "  "
   ]
  },
  {
   "attachments": {},
   "cell_type": "markdown",
   "metadata": {},
   "source": [
    "### Questão 2 - A\n",
    "\n",
    "|Sequencia|Organismo|\n",
    "|---|:---:|\n",
    "|seq_1|Bacillus anthracis|\n",
    "|seq_2|Clostridium tetani|\n",
    "|seq_3|Escherichia coli|\n",
    "|seq_4|Mycobacterium tuberculosis|\n",
    "|seq_5|Pseudomonas aerugin|\n",
    "|seq_6|Salmonella enteric|\n",
    "|seq_7|Staphylococcus aureus|\n",
    "|seq_8|Streptococcus pneumoni|\n",
    "|seq_9|Treponema pallidum|\n",
    "|seq_10|Vibrio cholerae|"
   ]
  },
  {
   "attachments": {},
   "cell_type": "markdown",
   "metadata": {},
   "source": [
    "### Questão 2 - B"
   ]
  },
  {
   "cell_type": "code",
   "execution_count": 31,
   "metadata": {},
   "outputs": [],
   "source": [
    "import sys\n",
    "\n",
    "gap = -2\n",
    "mismatch = -1\n",
    "match = 1\n",
    "\n",
    "def calculaScore(seq1, seq2):\n",
    "  if len(seq2) > len(seq1):\n",
    "      seq1, seq2 = seq2, seq1\n",
    "  i = 1\n",
    "  j = 0\n",
    "  seq1 = ' '+ seq1\n",
    "  seq2 = ' ' + seq2\n",
    "  linha_anterior = list(range(0,(len(seq1))*gap, gap))\n",
    "  while i < len(seq1):\n",
    "    atual = [(i)*gap]\n",
    "    for j in range(1,len(seq2)):\n",
    "      if seq1[i] == seq2[j]:\n",
    "        atual.append(max(linha_anterior[j -1]+match, linha_anterior[j] + gap, atual[-1] + gap))\n",
    "      else:\n",
    "        atual.append(max(linha_anterior[j -1]+mismatch, linha_anterior[j] + gap, atual[-1] + gap))\n",
    "    linha_anterior = atual\n",
    "    i += 1\n",
    "  return atual[-1]\n",
    "\n"
   ]
  },
  {
   "cell_type": "code",
   "execution_count": 32,
   "metadata": {},
   "outputs": [
    {
     "name": "stdout",
     "output_type": "stream",
     "text": [
      "seq_1 vs seq_2: -49\n",
      "seq_1 vs seq_3: -30\n",
      "seq_1 vs seq_4: -40\n",
      "seq_1 vs seq_5: -33\n",
      "seq_1 vs seq_6: -51\n",
      "seq_1 vs seq_7: -124\n",
      "seq_1 vs seq_8: -33\n",
      "seq_1 vs seq_9: -39\n",
      "seq_1 vs seq_10: -23\n",
      "seq_2 vs seq_3: -58\n",
      "seq_2 vs seq_4: -43\n",
      "seq_2 vs seq_5: -38\n",
      "seq_2 vs seq_6: -49\n",
      "seq_2 vs seq_7: -124\n",
      "seq_2 vs seq_8: -29\n",
      "seq_2 vs seq_9: -39\n",
      "seq_2 vs seq_10: -45\n",
      "seq_3 vs seq_4: -29\n",
      "seq_3 vs seq_5: -25\n",
      "seq_3 vs seq_6: -36\n",
      "seq_3 vs seq_7: -119\n",
      "seq_3 vs seq_8: -37\n",
      "seq_3 vs seq_9: -31\n",
      "seq_3 vs seq_10: -44\n",
      "seq_4 vs seq_5: -21\n",
      "seq_4 vs seq_6: -21\n",
      "seq_4 vs seq_7: -134\n",
      "seq_4 vs seq_8: -29\n",
      "seq_4 vs seq_9: -37\n",
      "seq_4 vs seq_10: -42\n",
      "seq_5 vs seq_6: -12\n",
      "seq_5 vs seq_7: -128\n",
      "seq_5 vs seq_8: -29\n",
      "seq_5 vs seq_9: -45\n",
      "seq_5 vs seq_10: -28\n",
      "seq_6 vs seq_7: -144\n",
      "seq_6 vs seq_8: -29\n",
      "seq_6 vs seq_9: -47\n",
      "seq_6 vs seq_10: -52\n",
      "seq_7 vs seq_8: -121\n",
      "seq_7 vs seq_9: -124\n",
      "seq_7 vs seq_10: -121\n",
      "seq_8 vs seq_9: -39\n",
      "seq_8 vs seq_10: -38\n",
      "seq_9 vs seq_10: -37\n"
     ]
    },
    {
     "data": {
      "text/plain": [
       "[[0, -49, -30, -40, -33, -51, -124, -33, -39, -23],\n",
       " [-49, 0, -58, -43, -38, -49, -124, -29, -39, -45],\n",
       " [-30, -58, 0, -29, -25, -36, -119, -37, -31, -44],\n",
       " [-40, -43, -29, 0, -21, -21, -134, -29, -37, -42],\n",
       " [-33, -38, -25, -21, 0, -12, -128, -29, -45, -28],\n",
       " [-51, -49, -36, -21, -12, 0, -144, -29, -47, -52],\n",
       " [-124, -124, -119, -134, -128, -144, 0, -121, -124, -121],\n",
       " [-33, -29, -37, -29, -29, -29, -121, 0, -39, -38],\n",
       " [-39, -39, -31, -37, -45, -47, -124, -39, 0, -37],\n",
       " [-23, -45, -44, -42, -28, -52, -121, -38, -37, 0]]"
      ]
     },
     "execution_count": 32,
     "metadata": {},
     "output_type": "execute_result"
    }
   ],
   "source": [
    "\n",
    "seqs= []\n",
    "for i in range(1,11):\n",
    "    seqs.append(open(f'seq_{i}.fna', 'r').read().replace('\\n', '')[1:])\n",
    "\n",
    "seqs[0] = seqs[0][9482:9732]\n",
    "seqs[1] = seqs[1][177903:178153]\n",
    "seqs[2] = seqs[2][3519919:3520169]\n",
    "seqs[3] = seqs[3][1490249:1490499]\n",
    "seqs[4] = seqs[4][731123:731373]\n",
    "seqs[5] = seqs[5][682942:683192]\n",
    "seqs[6] = seqs[6][454284:454434]\n",
    "seqs[7] = seqs[7][15079:15329]\n",
    "seqs[8] = seqs[8][234103:234353]\n",
    "seqs[9] = seqs[9][253:503]\n",
    "\n",
    "\n",
    "resultados = []\n",
    "for i, seq_a in enumerate(seqs):\n",
    "    resultados.append([])\n",
    "    for j, seq_b in enumerate(seqs):\n",
    "        if i < j:\n",
    "            result = calculaScore(seq_a, seq_b)\n",
    "            i_ = i+1\n",
    "            j_ = j+1\n",
    "            resultados[i].append(result)\n",
    "            print(f'seq_{i_} vs seq_{j_}: {result}')\n",
    "\n",
    "for i in range(10):\n",
    "    resultados[i] = [0] + resultados[i]\n",
    "    for j in range(i):\n",
    "        resultados[i] = [0] + resultados[i]\n",
    "for i in range(10):\n",
    "    for j in range(i):\n",
    "        resultados[i][j] = resultados[j][i]\n",
    "\n",
    "resultados\n",
    "    "
   ]
  },
  {
   "attachments": {},
   "cell_type": "markdown",
   "metadata": {},
   "source": [
    "|Sequencia A|Sequencia B|Score|\n",
    "|:---:|:---:|:---:|\n",
    "|seq_1 | seq_2| -49|\n",
    "|seq_1 | seq_3| -30|\n",
    "|seq_1 | seq_4| -40|\n",
    "|seq_1 | seq_5| -33|\n",
    "|seq_1 | seq_6| -51|\n",
    "|seq_1 | seq_7| -124|\n",
    "|seq_1 | seq_8| -33|\n",
    "|seq_1 | seq_9| -39|\n",
    "|seq_1 | seq_10| -23|\n",
    "|seq_2 | seq_3| -58|\n",
    "|seq_2 | seq_4| -43|\n",
    "|seq_2 | seq_5| -38|\n",
    "|seq_2 | seq_6| -49|\n",
    "|seq_2 | seq_7| -124|\n",
    "|seq_2 | seq_8| -29|\n",
    "|seq_2 | seq_9| -39|\n",
    "|seq_2 | seq_10| -45|\n",
    "|seq_3 | seq_4| -29|\n",
    "|seq_3 | seq_5| -25|\n",
    "|seq_3 | seq_6| -36|\n",
    "|seq_3 | seq_7| -119|\n",
    "|seq_3 | seq_8| -37|\n",
    "|seq_3 | seq_9| -31|\n",
    "|seq_3 | seq_10| -44|\n",
    "|seq_4 | seq_5| -21|\n",
    "|seq_4 | seq_6| -21|\n",
    "|seq_4 | seq_7| -134|\n",
    "|seq_4 | seq_8| -29|\n",
    "|seq_4 | seq_9| -37|\n",
    "|seq_4 | seq_10| -42|\n",
    "|seq_5 | seq_6| -12|\n",
    "|seq_5 | seq_7| -128|\n",
    "|seq_5 | seq_8| -29|\n",
    "|seq_5 | seq_9| -45|\n",
    "|seq_5 | seq_10| -28|\n",
    "|seq_6 | seq_7| -144|\n",
    "|seq_6 | seq_8| -29|\n",
    "|seq_6 | seq_9| -47|\n",
    "|seq_6 | seq_10| -52|\n",
    "|seq_7 | seq_8| -121|\n",
    "|seq_7 | seq_9| -124|\n",
    "|seq_7 | seq_10| -121|\n",
    "|seq_8 | seq_9| -39|\n",
    "|seq_8 | seq_10| -38|\n",
    "|seq_9 | seq_10| -37|"
   ]
  },
  {
   "attachments": {},
   "cell_type": "markdown",
   "metadata": {},
   "source": [
    "### Questão 2 - C"
   ]
  },
  {
   "cell_type": "code",
   "execution_count": 27,
   "metadata": {},
   "outputs": [
    {
     "data": {
      "text/html": [
       "<div>\n",
       "<style scoped>\n",
       "    .dataframe tbody tr th:only-of-type {\n",
       "        vertical-align: middle;\n",
       "    }\n",
       "\n",
       "    .dataframe tbody tr th {\n",
       "        vertical-align: top;\n",
       "    }\n",
       "\n",
       "    .dataframe thead th {\n",
       "        text-align: right;\n",
       "    }\n",
       "</style>\n",
       "<table border=\"1\" class=\"dataframe\">\n",
       "  <thead>\n",
       "    <tr style=\"text-align: right;\">\n",
       "      <th></th>\n",
       "      <th>seq1</th>\n",
       "      <th>seq2</th>\n",
       "      <th>seq3</th>\n",
       "      <th>seq4</th>\n",
       "      <th>seq5</th>\n",
       "      <th>seq6</th>\n",
       "      <th>seq7</th>\n",
       "      <th>seq8</th>\n",
       "      <th>seq9</th>\n",
       "      <th>seq10</th>\n",
       "    </tr>\n",
       "    <tr>\n",
       "      <th>index</th>\n",
       "      <th></th>\n",
       "      <th></th>\n",
       "      <th></th>\n",
       "      <th></th>\n",
       "      <th></th>\n",
       "      <th></th>\n",
       "      <th></th>\n",
       "      <th></th>\n",
       "      <th></th>\n",
       "      <th></th>\n",
       "    </tr>\n",
       "  </thead>\n",
       "  <tbody>\n",
       "    <tr>\n",
       "      <th>seq1</th>\n",
       "      <td>0</td>\n",
       "      <td>-49</td>\n",
       "      <td>-30</td>\n",
       "      <td>-40</td>\n",
       "      <td>-33</td>\n",
       "      <td>-51</td>\n",
       "      <td>-124</td>\n",
       "      <td>-33</td>\n",
       "      <td>-39</td>\n",
       "      <td>-23</td>\n",
       "    </tr>\n",
       "    <tr>\n",
       "      <th>seq2</th>\n",
       "      <td>-49</td>\n",
       "      <td>0</td>\n",
       "      <td>-58</td>\n",
       "      <td>-43</td>\n",
       "      <td>-38</td>\n",
       "      <td>-49</td>\n",
       "      <td>-124</td>\n",
       "      <td>-29</td>\n",
       "      <td>-39</td>\n",
       "      <td>-45</td>\n",
       "    </tr>\n",
       "    <tr>\n",
       "      <th>seq3</th>\n",
       "      <td>-30</td>\n",
       "      <td>-58</td>\n",
       "      <td>0</td>\n",
       "      <td>-29</td>\n",
       "      <td>-25</td>\n",
       "      <td>-36</td>\n",
       "      <td>-119</td>\n",
       "      <td>-37</td>\n",
       "      <td>-31</td>\n",
       "      <td>-44</td>\n",
       "    </tr>\n",
       "    <tr>\n",
       "      <th>seq4</th>\n",
       "      <td>-40</td>\n",
       "      <td>-43</td>\n",
       "      <td>-29</td>\n",
       "      <td>0</td>\n",
       "      <td>-21</td>\n",
       "      <td>-21</td>\n",
       "      <td>-134</td>\n",
       "      <td>-29</td>\n",
       "      <td>-37</td>\n",
       "      <td>-42</td>\n",
       "    </tr>\n",
       "    <tr>\n",
       "      <th>seq5</th>\n",
       "      <td>-33</td>\n",
       "      <td>-38</td>\n",
       "      <td>-25</td>\n",
       "      <td>-21</td>\n",
       "      <td>0</td>\n",
       "      <td>-12</td>\n",
       "      <td>-128</td>\n",
       "      <td>-29</td>\n",
       "      <td>-45</td>\n",
       "      <td>-28</td>\n",
       "    </tr>\n",
       "    <tr>\n",
       "      <th>seq6</th>\n",
       "      <td>-51</td>\n",
       "      <td>-49</td>\n",
       "      <td>-36</td>\n",
       "      <td>-21</td>\n",
       "      <td>-12</td>\n",
       "      <td>0</td>\n",
       "      <td>-144</td>\n",
       "      <td>-29</td>\n",
       "      <td>-47</td>\n",
       "      <td>-52</td>\n",
       "    </tr>\n",
       "    <tr>\n",
       "      <th>seq7</th>\n",
       "      <td>-124</td>\n",
       "      <td>-124</td>\n",
       "      <td>-119</td>\n",
       "      <td>-134</td>\n",
       "      <td>-128</td>\n",
       "      <td>-144</td>\n",
       "      <td>0</td>\n",
       "      <td>-121</td>\n",
       "      <td>-124</td>\n",
       "      <td>-121</td>\n",
       "    </tr>\n",
       "    <tr>\n",
       "      <th>seq8</th>\n",
       "      <td>-33</td>\n",
       "      <td>-29</td>\n",
       "      <td>-37</td>\n",
       "      <td>-29</td>\n",
       "      <td>-29</td>\n",
       "      <td>-29</td>\n",
       "      <td>-121</td>\n",
       "      <td>0</td>\n",
       "      <td>-39</td>\n",
       "      <td>-38</td>\n",
       "    </tr>\n",
       "    <tr>\n",
       "      <th>seq9</th>\n",
       "      <td>-39</td>\n",
       "      <td>-39</td>\n",
       "      <td>-31</td>\n",
       "      <td>-37</td>\n",
       "      <td>-45</td>\n",
       "      <td>-47</td>\n",
       "      <td>-124</td>\n",
       "      <td>-39</td>\n",
       "      <td>0</td>\n",
       "      <td>-37</td>\n",
       "    </tr>\n",
       "    <tr>\n",
       "      <th>seq10</th>\n",
       "      <td>-23</td>\n",
       "      <td>-45</td>\n",
       "      <td>-44</td>\n",
       "      <td>-42</td>\n",
       "      <td>-28</td>\n",
       "      <td>-52</td>\n",
       "      <td>-121</td>\n",
       "      <td>-38</td>\n",
       "      <td>-37</td>\n",
       "      <td>0</td>\n",
       "    </tr>\n",
       "  </tbody>\n",
       "</table>\n",
       "</div>"
      ],
      "text/plain": [
       "       seq1  seq2  seq3  seq4  seq5  seq6  seq7  seq8  seq9  seq10\n",
       "index                                                             \n",
       "seq1      0   -49   -30   -40   -33   -51  -124   -33   -39    -23\n",
       "seq2    -49     0   -58   -43   -38   -49  -124   -29   -39    -45\n",
       "seq3    -30   -58     0   -29   -25   -36  -119   -37   -31    -44\n",
       "seq4    -40   -43   -29     0   -21   -21  -134   -29   -37    -42\n",
       "seq5    -33   -38   -25   -21     0   -12  -128   -29   -45    -28\n",
       "seq6    -51   -49   -36   -21   -12     0  -144   -29   -47    -52\n",
       "seq7   -124  -124  -119  -134  -128  -144     0  -121  -124   -121\n",
       "seq8    -33   -29   -37   -29   -29   -29  -121     0   -39    -38\n",
       "seq9    -39   -39   -31   -37   -45   -47  -124   -39     0    -37\n",
       "seq10   -23   -45   -44   -42   -28   -52  -121   -38   -37      0"
      ]
     },
     "execution_count": 27,
     "metadata": {},
     "output_type": "execute_result"
    }
   ],
   "source": [
    "pd.read_csv('matriz_distancias_questao_2.csv', sep=';', index_col= 'index')"
   ]
  },
  {
   "attachments": {},
   "cell_type": "markdown",
   "metadata": {},
   "source": [
    "### Questão 2 - D"
   ]
  },
  {
   "cell_type": "code",
   "execution_count": 28,
   "metadata": {},
   "outputs": [
    {
     "name": "stdout",
     "output_type": "stream",
     "text": [
      "       seq1  seq2  seq3  seq4  seq5  seq6  seq7  seq8  seq9  seq10\n",
      "index                                                             \n",
      "seq1      0   -49   -30   -40   -33   -51  -124   -33   -39    -23\n",
      "seq2    -49     0   -58   -43   -38   -49  -124   -29   -39    -45\n",
      "seq3    -30   -58     0   -29   -25   -36  -119   -37   -31    -44\n",
      "seq4    -40   -43   -29     0   -21   -21  -134   -29   -37    -42\n",
      "seq5    -33   -38   -25   -21     0   -12  -128   -29   -45    -28\n",
      "seq6    -51   -49   -36   -21   -12     0  -144   -29   -47    -52\n",
      "seq7   -124  -124  -119  -134  -128  -144     0  -121  -124   -121\n",
      "seq8    -33   -29   -37   -29   -29   -29  -121     0   -39    -38\n",
      "seq9    -39   -39   -31   -37   -45   -47  -124   -39     0    -37\n",
      "seq10   -23   -45   -44   -42   -28   -52  -121   -38   -37      0\n",
      "<built-in function min>\n",
      "               seq1   seq2   seq3   seq4   seq7   seq8   seq9  seq10  \\\n",
      "index                                                                  \n",
      "seq1            0.0  -49.0  -30.0  -40.0 -124.0  -33.0  -39.0  -23.0   \n",
      "seq2          -49.0    0.0  -58.0  -43.0 -124.0  -29.0  -39.0  -45.0   \n",
      "seq3          -30.0  -58.0    0.0  -29.0 -119.0  -37.0  -31.0  -44.0   \n",
      "seq4          -40.0  -43.0  -29.0    0.0 -134.0  -29.0  -37.0  -42.0   \n",
      "seq7         -124.0 -124.0 -119.0 -134.0    0.0 -121.0 -124.0 -121.0   \n",
      "seq8          -33.0  -29.0  -37.0  -29.0 -121.0    0.0  -39.0  -38.0   \n",
      "seq9          -39.0  -39.0  -31.0  -37.0 -124.0  -39.0    0.0  -37.0   \n",
      "seq10         -23.0  -45.0  -44.0  -42.0 -121.0  -38.0  -37.0    0.0   \n",
      "(seq6, seq5)  -42.0  -43.5  -30.5  -21.0 -136.0  -29.0  -46.0  -40.0   \n",
      "\n",
      "              (seq6, seq5)  \n",
      "index                       \n",
      "seq1                 -42.0  \n",
      "seq2                 -43.5  \n",
      "seq3                 -30.5  \n",
      "seq4                 -21.0  \n",
      "seq7                -136.0  \n",
      "seq8                 -29.0  \n",
      "seq9                 -46.0  \n",
      "seq10                -40.0  \n",
      "(seq6, seq5)           0.0  \n",
      "<built-in function min>\n",
      "                       seq1    seq2    seq3   seq7   seq8   seq9  seq10  \\\n",
      "index                                                                     \n",
      "seq1                    0.0  -49.00  -30.00 -124.0  -33.0  -39.0  -23.0   \n",
      "seq2                  -49.0    0.00  -58.00 -124.0  -29.0  -39.0  -45.0   \n",
      "seq3                  -30.0  -58.00    0.00 -119.0  -37.0  -31.0  -44.0   \n",
      "seq7                 -124.0 -124.00 -119.00    0.0 -121.0 -124.0 -121.0   \n",
      "seq8                  -33.0  -29.00  -37.00 -121.0    0.0  -39.0  -38.0   \n",
      "seq9                  -39.0  -39.00  -31.00 -124.0  -39.0    0.0  -37.0   \n",
      "seq10                 -23.0  -45.00  -44.00 -121.0  -38.0  -37.0    0.0   \n",
      "((seq6, seq5), seq4)  -41.0  -43.25  -29.75 -135.0  -29.0  -41.5  -41.0   \n",
      "\n",
      "                      ((seq6, seq5), seq4)  \n",
      "index                                       \n",
      "seq1                                -41.00  \n",
      "seq2                                -43.25  \n",
      "seq3                                -29.75  \n",
      "seq7                               -135.00  \n",
      "seq8                                -29.00  \n",
      "seq9                                -41.50  \n",
      "seq10                               -41.00  \n",
      "((seq6, seq5), seq4)                  0.00  \n",
      "<built-in function min>\n",
      "                        seq2    seq3   seq7   seq8   seq9  \\\n",
      "index                                                       \n",
      "seq2                    0.00  -58.00 -124.0  -29.0  -39.0   \n",
      "seq3                  -58.00    0.00 -119.0  -37.0  -31.0   \n",
      "seq7                 -124.00 -119.00    0.0 -121.0 -124.0   \n",
      "seq8                  -29.00  -37.00 -121.0    0.0  -39.0   \n",
      "seq9                  -39.00  -31.00 -124.0  -39.0    0.0   \n",
      "((seq6, seq5), seq4)  -43.25  -29.75 -135.0  -29.0  -41.5   \n",
      "(seq10, seq1)         -47.00  -37.00 -122.5  -35.5  -38.0   \n",
      "\n",
      "                      ((seq6, seq5), seq4)  (seq10, seq1)  \n",
      "index                                                      \n",
      "seq2                                -43.25          -47.0  \n",
      "seq3                                -29.75          -37.0  \n",
      "seq7                               -135.00         -122.5  \n",
      "seq8                                -29.00          -35.5  \n",
      "seq9                                -41.50          -38.0  \n",
      "((seq6, seq5), seq4)                  0.00          -41.0  \n",
      "(seq10, seq1)                       -41.00            0.0  \n",
      "<built-in function min>\n",
      "                                 seq2     seq3   seq7    seq9  (seq10, seq1)  \\\n",
      "index                                                                          \n",
      "seq2                            0.000  -58.000 -124.0  -39.00         -47.00   \n",
      "seq3                          -58.000    0.000 -119.0  -31.00         -37.00   \n",
      "seq7                         -124.000 -119.000    0.0 -124.00        -122.50   \n",
      "seq9                          -39.000  -31.000 -124.0    0.00         -38.00   \n",
      "(seq10, seq1)                 -47.000  -37.000 -122.5  -38.00           0.00   \n",
      "(((seq6, seq5), seq4), seq8)  -36.125  -33.375 -128.0  -40.25         -38.25   \n",
      "\n",
      "                              (((seq6, seq5), seq4), seq8)  \n",
      "index                                                       \n",
      "seq2                                               -36.125  \n",
      "seq3                                               -33.375  \n",
      "seq7                                              -128.000  \n",
      "seq9                                               -40.250  \n",
      "(seq10, seq1)                                      -38.250  \n",
      "(((seq6, seq5), seq4), seq8)                         0.000  \n",
      "<built-in function min>\n",
      "                                 seq2   seq7  (seq10, seq1)  \\\n",
      "index                                                         \n",
      "seq2                            0.000 -124.0         -47.00   \n",
      "seq7                         -124.000    0.0        -122.50   \n",
      "(seq10, seq1)                 -47.000 -122.5           0.00   \n",
      "(((seq6, seq5), seq4), seq8)  -36.125 -128.0         -38.25   \n",
      "(seq9, seq3)                  -48.500 -121.5         -37.50   \n",
      "\n",
      "                              (((seq6, seq5), seq4), seq8)  (seq9, seq3)  \n",
      "index                                                                     \n",
      "seq2                                              -36.1250      -48.5000  \n",
      "seq7                                             -128.0000     -121.5000  \n",
      "(seq10, seq1)                                     -38.2500      -37.5000  \n",
      "(((seq6, seq5), seq4), seq8)                        0.0000      -36.8125  \n",
      "(seq9, seq3)                                      -36.8125        0.0000  \n",
      "<built-in function min>\n",
      "                                       seq7  (seq10, seq1)  (seq9, seq3)  \\\n",
      "index                                                                      \n",
      "seq7                                    0.0       -122.500    -121.50000   \n",
      "(seq10, seq1)                        -122.5          0.000     -37.50000   \n",
      "(seq9, seq3)                         -121.5        -37.500       0.00000   \n",
      "((((seq6, seq5), seq4), seq8), seq2) -126.0        -42.625     -42.65625   \n",
      "\n",
      "                                      ((((seq6, seq5), seq4), seq8), seq2)  \n",
      "index                                                                       \n",
      "seq7                                                            -126.00000  \n",
      "(seq10, seq1)                                                    -42.62500  \n",
      "(seq9, seq3)                                                     -42.65625  \n",
      "((((seq6, seq5), seq4), seq8), seq2)                               0.00000  \n",
      "<built-in function min>\n",
      "                                       seq7  \\\n",
      "index                                         \n",
      "seq7                                    0.0   \n",
      "((((seq6, seq5), seq4), seq8), seq2) -126.0   \n",
      "((seq9, seq3), (seq10, seq1))        -122.0   \n",
      "\n",
      "                                      ((((seq6, seq5), seq4), seq8), seq2)  \\\n",
      "index                                                                        \n",
      "seq7                                                           -126.000000   \n",
      "((((seq6, seq5), seq4), seq8), seq2)                              0.000000   \n",
      "((seq9, seq3), (seq10, seq1))                                   -42.640625   \n",
      "\n",
      "                                      ((seq9, seq3), (seq10, seq1))  \n",
      "index                                                                \n",
      "seq7                                                    -122.000000  \n",
      "((((seq6, seq5), seq4), seq8), seq2)                     -42.640625  \n",
      "((seq9, seq3), (seq10, seq1))                              0.000000  \n",
      "<built-in function min>\n",
      "                                                     seq7  \\\n",
      "index                                                       \n",
      "seq7                                                  0.0   \n",
      "(((seq9, seq3), (seq10, seq1)), ((((seq6, seq5)... -124.0   \n",
      "\n",
      "                                                    (((seq9, seq3), (seq10, seq1)), ((((seq6, seq5), seq4), seq8), seq2))  \n",
      "index                                                                                                                      \n",
      "seq7                                                                                           -124.0                      \n",
      "(((seq9, seq3), (seq10, seq1)), ((((seq6, seq5)...                                                0.0                      \n",
      "<built-in function min>\n"
     ]
    },
    {
     "data": {
      "text/plain": [
       "'((((seq9, seq3), (seq10, seq1)), ((((seq6, seq5), seq4), seq8), seq2)), seq7)'"
      ]
     },
     "execution_count": 28,
     "metadata": {},
     "output_type": "execute_result"
    }
   ],
   "source": [
    "matrix = pd.read_csv('matriz_distancias_questao_2.csv', sep=';', index_col= 'index')\n",
    "upmga(matrix)"
   ]
  }
 ],
 "metadata": {
  "kernelspec": {
   "display_name": "Python 3",
   "language": "python",
   "name": "python3"
  },
  "language_info": {
   "codemirror_mode": {
    "name": "ipython",
    "version": 3
   },
   "file_extension": ".py",
   "mimetype": "text/x-python",
   "name": "python",
   "nbconvert_exporter": "python",
   "pygments_lexer": "ipython3",
   "version": "3.11.0"
  },
  "orig_nbformat": 4,
  "vscode": {
   "interpreter": {
    "hash": "c261aea317cc0286b3b3261fbba9abdec21eaa57589985bb7a274bf54d6cc0a7"
   }
  }
 },
 "nbformat": 4,
 "nbformat_minor": 2
}
